4.305441316105534710e+00
4.236327438347011309e+00
9.190689039398021620e+00
2.490250600019532712e+01
2.303422416577782883e+01
6.248065772625968073e+00
6.414823241405334997e+00
6.337087868848985117e+00
2.847197224425639828e+00
6.466611917873819060e+00
2.486828692358606574e+01
2.946702756152125069e+00
2.445045031400769631e+01
1.649024776084627497e+00
8.116816221985284630e-01
8.601355455625008251e-01
5.137307543558802259e-01
2.509486423063492122e+00
2.593781709818004377e-01
2.842994613663951120e-01
3.938465139337909537e+00
6.569448801032784502e+00
2.747370441328544910e+00
2.085133583190725659e+01
3.939888037626015471e+00
1.228248961410646523e+01
5.769158709298126908e+00
8.933482900143875582e+00
7.625182665024378359e+00
2.579923697944346017e+01
1.274745133832204935e+01
5.952746831397994320e+00
5.766785250292943310e+00
1.728385323477223290e+00
3.143498142050927413e+01
5.951360919711185637e+00
4.509687254760170738e+00
8.932616225644366637e+00
1.228983946195467425e+01
1.208588194994824949e+00
3.471199682508930628e+00
5.759405924698664414e+00
5.768458097842612098e+00
4.031965588780695775e+00
2.646855806632164843e+01
6.154893035060990059e+00
2.182201186197368692e+00
4.287478952403586874e+01
5.758016715431208077e+00
2.515697592666071625e+00
6.507998458417429077e+00
1.377746065981201751e+00
2.580416682517494920e+01
5.953813489590038976e+00
8.943016132114838257e+00
3.921782048671428100e+00
2.579889830038597864e+01
8.930402764851558928e+00
3.940084793049439593e+00
1.228764573574770935e+01
5.948968256092793894e+00
1.273800393368887285e+01
6.693309068621908864e+01
2.590579486959324829e+00
1.734087567432301080e+00
4.504385822101064640e+00
2.042986664022710119e+00
5.764082033031114882e+00
8.939273537976903938e+00
4.500377380360711221e+00
5.769173115616667680e+00
5.951954417165899791e+00
1.228962552108855455e+01
8.944874674988046337e+00
3.936876098426239867e+00
8.962885941540898571e+00
8.946051034866476570e+00
8.941940409415941815e+00
3.939431796966204935e+00
5.770098708161506273e+00
9.238557513774011909e+00
5.092424618167345152e+00
6.193885463051038265e+00
1.155573484225189823e-02
8.549328119212789082e-03
