    T/O      Fuel     Fuel     Payld    Block    Block    Block    Block    Block    Block    Climb    Climb    Climb    Climb    Climb    Climb    ICA      Cruise   Cruise   Cruise   Cruise   Cruise   Cruise   Cruise   Descent  Descent  Descent  Descent  Descent  Descent  Reserve  TOFL     
    Mass     Load     Vol.     Mass     Dist.    Time     Fuel     NOx      HC       CO       Dist.    Time     Fuel     NOx      HC       CO       Alt.     Mach     Dist.    Time     Fuel     NOx      HC       CO       Dist.    Time     Fuel     NOx      HC       CO       Fuel     Dist.    
    kg.      kg.      %Cap.    kg.      nm.      min.     kg.      kg.      kg.      kg.      nm.      min.     kg.      kg.      kg.      kg.      ft.         nm.      min.     kg.      kg.      kg.      kg.      nm.      min.     kg.      kg.      kg.      kg.      kg.      ft.      s                                       
  330899.   31899.     13.0       0.    1000.     150.   25354.    465.4     0.41     63.4     100.      15.    6058.    190.6     0.00      2.5   40000.    0.845     762.      94.   14774.    211.9     0.00     27.7     138.      23.     994.      3.7     0.29     21.9    9048.    4133.         
  352005.   53005.     21.6       0.    2000.     274.   45835.    776.7     0.41     99.1     112.      17.    6656.    209.2     0.00      2.8   40000.    0.845    1750.     217.   34653.    504.6     0.00     63.2     138.      23.     999.      3.7     0.29     21.9    9673.    4303.         
  374116.   75116.     30.6       0.    3000.     398.   67291.   1113.3     0.41    134.2     125.      18.    7332.    230.0     0.00      3.1   40000.    0.845    2736.     339.   55426.    820.4     0.00     97.9     139.      23.    1005.      3.7     0.30     22.0   10328.    4536.         
  397469.   98469.     40.1       0.    4000.     521.   89946.   1488.4     0.39    167.1     144.      20.    8190.    261.7     0.00      3.6   40000.    0.845    3722.     461.   77253.   1163.9     0.00    131.7     134.      22.     976.      3.7     0.28     20.6   11025.    4798.         
  422088.  123088.     50.1       0.    5000.     645.  113836.   1893.0     0.39    199.8     164.      23.    9173.    291.6     0.00      4.0   40000.    0.845    4700.     582.  100151.   1538.5     0.00    163.8     135.      22.     984.      3.7     0.28     20.7   11754.    5077.         
  448264.  149264.     60.8       0.    6000.     769.  139235.   2333.5     0.38    232.3     154.      22.    9199.    301.7     0.00      4.0   38000.    0.845    5719.     708.  125555.   1969.0     0.00    197.5     128.      21.     954.      3.6     0.26     19.5   12531.    5674.         
  476079.  177079.     72.1       0.    7000.     893.  166226.   2820.8     0.37    264.4     155.      22.    9636.    322.2     0.00      4.3   36000.    0.845    6721.     832.  152122.   2435.9     0.00    229.9     124.      20.     940.      3.6     0.25     18.9   13356.    6419.         
  505432.  206432.     84.1       0.    8000.    1017.  194708.   3348.1     0.36    296.8     170.      24.   10575.    354.9     0.00      4.7   36000.    0.845    7708.     954.  179671.   2930.5     0.00    262.2     122.      20.     934.      3.6     0.25     18.6   14227.    7272.         
  536858.  237858.     96.9       0.    9000.    1141.  225203.   3942.5     0.36    327.4     175.      25.   11268.    382.5     0.00      5.0   34000.    0.845    8705.    1077.  209461.   3497.3     0.00    292.5     120.      20.     947.      3.6     0.25     18.6   15158.    8265.                                                
  336216.   32216.     13.1    5000.    1000.     151.   25582.    472.3     0.41     63.4     103.      15.    6195.    194.8     0.00      2.6   40000.    0.845     759.      94.   14857.    214.7     0.00     27.5     139.      23.    1003.      3.7     0.30     22.1    9136.    4175.         
  357558.   53558.     21.8    5000.    2000.     274.   46294.    789.7     0.41     99.0     115.      17.    6812.    213.9     0.00      2.8   40000.    0.845    1746.     216.   34947.    512.8     0.00     62.8     139.      23.    1007.      3.7     0.30     22.1    9767.    4352.         
  380041.   76041.     31.0    5000.    3000.     397.   68106.   1141.9     0.39    132.5     132.      19.    7588.    243.2     0.00      3.3   40000.    0.845    2734.     338.   56014.    835.9     0.00     97.3     134.      22.     976.      3.7     0.28     20.6   10438.    4603.         
  403614.   99614.     40.6    5000.    4000.     521.   90981.   1517.9     0.39    166.3     148.      21.    8424.    269.0     0.00      3.7   40000.    0.845    3716.     460.   78045.   1186.1     0.00    130.6     135.      22.     984.      3.7     0.28     20.7   11136.    4868.         
  428659.  124659.     50.8    5000.    5000.     645.  115283.   1930.6     0.38    198.3     140.      20.    8463.    278.1     0.00      3.7   38000.    0.845    4733.     586.  102338.   1589.8     0.00    163.8     128.      21.     954.      3.6     0.26     19.6   11879.    5185.         
  455154.  151154.     61.6    5000.    6000.     769.  140993.   2382.9     0.38    231.2     158.      23.    9462.    309.9     0.00      4.1   38000.    0.845    5713.     707.  127040.   2010.2     0.00    196.1     129.      21.     962.      3.6     0.26     19.7   12664.    5853.         
  483391.  179391.     73.1    5000.    7000.     893.  168391.   2881.2     0.37    263.5     161.      23.    9951.    332.8     0.00      4.4   36000.    0.845    6715.     831.  153966.   2485.6     0.00    228.8     125.      20.     947.      3.6     0.25     19.0   13502.    6625.         
  513174.  209174.     85.2    5000.    8000.    1017.  197292.   3421.2     0.36    295.6     176.      25.   10914.    365.7     0.00      4.9   36000.    0.845    7701.     953.  181908.   2992.8     0.00    260.7     123.      20.     942.      3.6     0.25     18.8   14385.    7509.         
  545093.  241093.     98.2    5000.    9000.    1140.  228263.   4034.5     0.36    325.5     182.      26.   11689.    396.8     0.00      5.2   34000.    0.845    8697.    1076.  212092.   3575.0     0.00    290.2     121.      20.     954.      3.6     0.25     18.7   15333.    8539.                                            
  341540.   32540.     13.3   10000.    1000.     151.   25819.    479.9     0.41     63.4     106.      16.    6348.    199.6     0.00      2.7   40000.    0.845     755.      93.   14934.    217.4     0.00     27.2     140.      23.    1009.      3.8     0.30     22.2    9223.    4218.         
  363129.   54129.     22.0   10000.    2000.     274.   46769.    803.7     0.41     98.7     118.      17.    6990.    219.6     0.00      2.9   40000.    0.845    1741.     216.   35237.    521.2     0.00     62.3     140.      23.    1013.      3.8     0.30     22.2    9863.    4414.         
  385880.   76880.     31.3   10000.    3000.     397.   68842.   1162.7     0.39    132.1     135.      19.    7775.    248.9     0.00      3.4   40000.    0.845    2730.     338.   56555.    851.0     0.00     96.6     135.      22.     985.      3.7     0.28     20.8   10541.    4668.         
  409780.  100780.     41.0   10000.    4000.     521.   92033.   1547.9     0.39    165.5     153.      22.    8653.    275.8     0.00      3.8   40000.    0.845    3710.     459.   78861.   1209.2     0.00    129.5     137.      22.     992.      3.7     0.28     20.9   11249.    4937.         
  435203.  126203.     51.4   10000.    5000.     645.  116702.   1970.3     0.38    197.6     144.      21.    8701.    285.8     0.00      3.8   38000.    0.845    4727.     585.  103512.   1621.7     0.00    162.8     129.      21.     961.      3.6     0.26     19.7   12004.    5345.         
  462081.  153081.     62.4   10000.    6000.     769.  142784.   2434.2     0.38    230.1     164.      23.    9758.    319.3     0.00      4.3   38000.    0.845    5706.     706.  128529.   2052.1     0.00    194.7     130.      21.     969.      3.7     0.27     19.8   12800.    6037.         
  490719.  181719.     74.0   10000.    7000.     893.  170572.   2941.8     0.37    262.6     166.      24.   10242.    342.2     0.00      4.5   36000.    0.845    6708.     830.  155849.   2536.8     0.00    227.6     126.      21.     954.      3.6     0.26     19.2   13650.    6836.         
  520969.  211969.     86.3   10000.    8000.    1017.  199925.   3497.5     0.37    294.1     183.      26.   11296.    378.1     0.00      5.0   36000.    0.845    7693.     952.  184154.   3056.6     0.00    258.9     124.      20.     948.      3.6     0.25     18.9   14547.    7753.         
  553368.  244368.     99.5   10000.    9000.    1140.  231363.   4128.0     0.37    323.5     189.      27.   12093.    409.9     0.00      5.4   34000.    0.845    8689.    1074.  214781.   3655.2     0.00    287.9     122.      20.     961.      3.7     0.25     18.9   15508.    8819.                                                  
  346864.   32864.     13.4   15000.    1000.     151.   26054.    487.2     0.41     63.3     108.      16.    6492.    204.0     0.00      2.7   40000.    0.845     751.      93.   15018.    220.3     0.00     27.0     141.      24.    1017.      3.8     0.30     22.4    9312.    4261.         
  368701.   54701.     22.3   15000.    2000.     275.   47244.    817.3     0.41     98.5     121.      18.    7156.    224.6     0.00      3.0   40000.    0.845    1737.     215.   35540.    529.8     0.00     61.9     142.      24.    1021.      3.8     0.30     22.4    9959.    4476.         
  391747.   77747.     31.7   15000.    3000.     397.   69604.   1185.0     0.39    131.5     140.      20.    7993.    255.8     0.00      3.5   40000.    0.845    2724.     337.   57091.    866.3     0.00     95.9     136.      22.     991.      3.7     0.28     20.9   10646.    4734.         
  415987.  101987.     41.5   15000.    4000.     521.   93125.   1580.0     0.39    164.5     159.      22.    8923.    284.2     0.00      3.9   40000.    0.845    3704.     458.   79675.   1232.9     0.00    128.3     138.      22.     999.      3.8     0.28     21.0   11364.    5008.         
  441761.  127761.     52.0   15000.    5000.     645.  118135.   2010.2     0.38    196.8     148.      21.    8933.    293.0     0.00      3.9   38000.    0.845    4722.     585.  104706.   1654.4     0.00    161.8     130.      21.     969.      3.7     0.27     19.9   12129.    5509.         
  469151.  155151.     63.2   15000.    6000.     769.  144712.   2488.1     0.37    228.6     150.      22.    9383.    314.1     0.00      4.2   36000.    0.845    5724.     709.  130849.   2111.3     0.00    194.0     126.      21.     953.      3.6     0.26     19.2   12941.    6228.         
  498086.  184086.     75.0   15000.    7000.     893.  172790.   3004.4     0.37    261.7     172.      25.   10572.    353.1     0.00      4.7   36000.    0.845    6701.     830.  157729.   2588.5     0.00    226.4     127.      21.     961.      3.7     0.26     19.3   13799.    7052.         
  528943.  214943.     87.5   15000.    8000.    1017.  202732.   3576.5     0.37    292.7     168.      25.   10883.    369.4     0.00      4.9   34000.    0.845    7711.     954.  187363.   3144.3     0.00    257.7     122.      20.     958.      3.7     0.25     18.9   14714.    8008.                                                                                               
  352202.   33202.     13.5   20000.    1000.     151.   26302.    495.4     0.41     63.2     112.      17.    6661.    209.4     0.00      2.8   40000.    0.845     747.      92.   15091.    223.0     0.00     26.7     142.      24.    1022.      3.8     0.30     22.4    9402.    4304.         
  374288.   55288.     22.5   20000.    2000.     275.   47734.    831.8     0.41     98.2     125.      18.    7338.    230.2     0.00      3.1   40000.    0.845    1733.     214.   35841.    538.7     0.00     61.4     143.      24.    1027.      3.8     0.30     22.5   10056.    4538.         
  397621.   78621.     32.0   20000.    3000.     397.   70372.   1207.2     0.40    131.0     144.      20.    8195.    261.9     0.00      3.6   40000.    0.845    2719.     337.   57650.    882.4     0.00     95.0     138.      22.     999.      3.8     0.28     21.1   10751.    4800.         
  422199.  103199.     42.0   20000.    4000.     521.   94222.   1612.1     0.40    163.5     164.      23.    9178.    291.7     0.00      4.0   40000.    0.845    3697.     458.   80510.   1257.5     0.00    127.0     139.      23.    1006.      3.8     0.28     21.1   11480.    5078.         
  448356.  129356.     52.7   20000.    5000.     645.  119603.   2052.2     0.38    195.9     154.      22.    9202.    301.8     0.00      4.0   38000.    0.845    4716.     584.  105898.   1687.6     0.00    160.7     131.      21.     975.      3.7     0.27     20.0   12256.    5677.         
  476132.  157132.     64.0   20000.    6000.     769.  146555.   2538.6     0.37    228.0     155.      22.    9638.    322.3     0.00      4.3   36000.    0.845    5719.     708.  132430.   2153.5     0.00    193.2     127.      21.     960.      3.7     0.26     19.3   13079.    6420.         
  505438.  186438.     75.9   20000.    7000.     893.  174992.   3064.6     0.37    260.5     170.      24.   10575.    354.9     0.00      4.7   36000.    0.845    6705.     830.  159936.   2646.9     0.00    225.5     125.      20.     953.      3.6     0.25     19.0   13948.    7272.         
  536809.  217809.     88.7   20000.    8000.    1017.  205434.   3657.4     0.37    291.1     175.      25.   11266.    382.4     0.00      5.0   34000.    0.845    7703.     953.  189676.   3212.2     0.00    255.8     122.      21.     964.      3.7     0.25     19.0   14878.    8264.                                                     
  569000.  245000.     99.8   25000.    8727.    1106.  231740.   4229.8     0.37    309.4     204.      29.   12953.    438.1     0.00      5.8   34000.    0.845    8398.    1038.  214283.   3728.8     0.00    273.2     124.      21.     977.      3.7     0.26     19.2   15763.    4077.         
  357534.   33534.     13.7   25000.    1000.     151.   26544.    502.9     0.42     63.2     115.      17.    6811.    213.9     0.00      2.8   40000.    0.845     743.      92.   15176.    226.0     0.00     26.5     143.      24.    1029.      3.8     0.30     22.6    9492.    4352.         
  379978.   55978.     22.8   25000.    2000.     274.   48321.    854.7     0.40     96.6     131.      19.    7586.    243.1     0.00      3.3   40000.    0.845    1731.     214.   36208.    548.7     0.00     61.0     138.      22.     999.      3.8     0.28     21.1   10160.    4602.         
  403518.   79518.     32.4   25000.    3000.     397.   71164.   1230.7     0.40    130.3     148.      21.    8421.    268.9     0.00      3.7   40000.    0.845    2713.     336.   58210.    898.9     0.00     94.2     139.      23.    1006.      3.8     0.28     21.2   10857.    4866.         
  428523.  104523.     42.6   25000.    4000.     521.   95427.   1643.5     0.38    162.1     139.      20.    8458.    277.9     0.00      3.7   38000.    0.845    3730.     462.   82466.   1302.7     0.00    127.1     131.      21.     975.      3.7     0.27     20.0   11598.    5182.         
  454962.  130962.     53.3   25000.    5000.     645.  121083.   2094.4     0.38    195.1     158.      23.    9455.    309.7     0.00      4.1   38000.    0.845    4710.     583.  107118.   1721.8     0.00    159.5     132.      22.     982.      3.7     0.27     20.1   12382.    5848.         
  483145.  159145.     64.8   25000.    6000.     769.  148429.   2591.3     0.37    227.3     160.      23.    9941.    332.5     0.00      4.4   36000.    0.845    5712.     707.  133995.   2195.9     0.00    192.3     128.      21.     966.      3.7     0.26     19.4   13218.    6618.         
  512860.  188860.     76.9   25000.    7000.     893.  177264.   3129.6     0.37    259.4     176.      25.   10900.    365.3     0.00      4.8   36000.    0.845    6698.     829.  161877.   2701.5     0.00    224.2     126.      21.     960.      3.7     0.26     19.1   14099.    7499.         
  544701.  220701.     89.9   25000.    8000.    1017.  208161.   3740.4     0.37    289.4     182.      26.   11671.    396.2     0.00      5.2   34000.    0.845    7695.     952.  191992.   3281.4     0.00    253.8     123.      21.     970.      3.7     0.26     19.1   15043.    8525.                                                     
  569000.  240000.     97.8   30000.    8486.    1076.  226808.   4156.5     0.37    300.9     204.      29.   12953.    438.1     0.00      5.8   34000.    0.845    8157.    1008.  209347.   3655.5     0.00    264.5     125.      21.     980.      3.7     0.26     19.2   15695.    4117.         
  362876.   33876.     13.8   30000.    1000.     151.   26797.    511.3     0.42     63.1     118.      17.    6983.    219.4     0.00      2.9   40000.    0.845     738.      91.   15252.    229.0     0.00     26.2     144.      24.    1035.      3.8     0.30     22.7    9581.    4411.         
  385577.   56577.     23.0   30000.    2000.     274.   48823.    869.6     0.40     96.3     135.      19.    7765.    248.6     0.00      3.4   40000.    0.845    1726.     214.   36523.    558.1     0.00     60.4     139.      23.    1006.      3.8     0.29     21.3   10257.    4665.         
  409431.   80431.     32.8   30000.    3000.     398.   71969.   1254.5     0.40    129.6     153.      22.    8640.    275.4     0.00      3.8   40000.    0.845    2708.     335.   58789.    916.0     0.00     93.2     140.      23.    1013.      3.8     0.29     21.3   10964.    4933.         
  434795.  105795.     43.1   30000.    4000.     521.   96582.   1676.2     0.38    161.6     144.      21.    8687.    285.4     0.00      3.8   38000.    0.845    3724.     461.   83386.   1327.9     0.00    126.4     132.      22.     981.      3.7     0.27     20.1   11716.    5335.         
  461604.  132604.     54.0   30000.    5000.     645.  122596.   2138.2     0.38    194.1     164.      23.    9738.    318.7     0.00      4.3   38000.    0.845    4703.     582.  108341.   1756.6     0.00    158.3     133.      22.     989.      3.7     0.27     20.2   12511.    6024.         
  490165.  161165.     65.6   30000.    6000.     769.  150310.   2643.7     0.38    226.7     165.      24.   10219.    341.4     0.00      4.5   36000.    0.845    5706.     706.  135591.   2239.4     0.00    191.4     129.      21.     972.      3.7     0.26     19.6   13357.    6820.         
  520327.  191327.     77.9   30000.    7000.     893.  179578.   3197.2     0.37    258.2     183.      26.   11265.    377.2     0.00      5.0   36000.    0.845    6691.     828.  163820.   2757.2     0.00    222.7     127.      21.     966.      3.7     0.26     19.2   14252.    7733.         
  552624.  223624.     91.1   30000.    8000.    1017.  210918.   3824.2     0.37    287.7     189.      27.   12056.    408.7     0.00      5.4   34000.    0.845    7687.     950.  194358.   3352.6     0.00    251.8     124.      21.     976.      3.7     0.26     19.2   15209.    8794.                                                     
  569000.  235000.     95.7   35000.    8248.    1047.  221876.   4082.4     0.37    292.5     204.      29.   12953.    438.1     0.00      5.8   34000.    0.845    7919.     979.  204412.   3581.4     0.00    256.1     125.      21.     984.      3.8     0.26     19.3   15627.    4158.         
  368217.   34217.     13.9   35000.    1000.     151.   27047.    519.2     0.42     63.0     121.      18.    7141.    224.1     0.00      3.0   40000.    0.845     735.      91.   15337.    232.1     0.00     25.9     145.      24.    1041.      3.9     0.31     22.8    9672.    4471.         
  391199.   57199.     23.3   35000.    2000.     274.   49346.    885.9     0.40     95.9     139.      20.    7975.    255.3     0.00      3.5   40000.    0.845    1721.     213.   36831.    567.6     0.00     59.8     140.      23.    1012.      3.8     0.29     21.3   10356.    4728.         
  415375.   81375.     33.1   35000.    3000.     398.   72805.   1280.1     0.40    128.8     158.      22.    8899.    283.5     0.00      3.9   40000.    0.845    2701.     334.   59360.    933.5     0.00     92.2     141.      23.    1019.      3.8     0.29     21.4   11072.    5001.         
  441076.  107076.     43.6   35000.    4000.     521.   97744.   1708.9     0.39    161.0     148.      21.    8908.    292.3     0.00      3.9   38000.    0.845    3719.     460.   84321.   1353.8     0.00    125.6     133.      22.     988.      3.7     0.27     20.3   11834.    5491.         
  468378.  134378.     54.7   35000.    5000.     645.  124237.   2184.7     0.38    192.8     150.      22.    9355.    313.2     0.00      4.1   36000.    0.845    4722.     585.  110383.   1808.7     0.00    157.8     128.      21.     971.      3.7     0.26     19.6   12644.    6207.         
  497216.  163216.     66.5   35000.    6000.     769.  152220.   2698.1     0.38    226.0     171.      24.   10536.    351.9     0.00      4.7   36000.    0.845    5699.     705.  137179.   2283.3     0.00    190.4     130.      21.     978.      3.7     0.26     19.7   13498.    7026.         
  527960.  193960.     79.0   35000.    7000.     893.  182053.   3266.5     0.37    257.1     167.      24.   10841.    368.0     0.00      4.8   34000.    0.845    6709.     830.  166710.   2835.6     0.00    221.8     124.      21.     974.      3.7     0.26     19.2   14410.    7976.         
  560579.  226579.     92.3   35000.    8000.    1016.  213705.   3911.5     0.37    285.7     196.      28.   12492.    423.2     0.00      5.6   34000.    0.845    7679.     949.  196703.   3425.4     0.00    249.5     125.      21.     982.      3.8     0.26     19.3   15377.    9069.                                                     

  569000.  230000.     93.7   40000.    8013.    1018.  216945.   4007.5     0.37    284.3     204.      29.   12953.    438.1     0.00      5.8   34000.    0.845    7683.     949.  199478.   3506.5     0.00    247.8     126.      21.     987.      3.8     0.26     19.4   15557.    4198.         
  373562.   34562.     14.1   40000.    1000.     151.   27302.    527.3     0.42     62.9     124.      18.    7304.    229.0     0.00      3.1   40000.    0.845     731.      90.   15422.    235.3     0.00     25.6     145.      24.    1048.      3.9     0.31     23.0    9763.    4530.         
  396822.   57822.     23.6   40000.    2000.     274.   49869.    901.7     0.40     95.5     143.      20.    8167.    261.1     0.00      3.6   40000.    0.845    1716.     212.   37155.    577.7     0.00     59.2     141.      23.    1019.      3.8     0.29     21.5   10455.    4791.         
  421334.   82334.     33.5   40000.    3000.     398.   73655.   1305.7     0.40    128.0     163.      23.    9142.    290.7     0.00      4.0   40000.    0.845    2695.     334.   59960.    952.0     0.00     91.1     142.      23.    1026.      3.9     0.29     21.6   11181.    5068.         
  447385.  108385.     44.1   40000.    4000.     521.   98934.   1743.5     0.39    160.4     153.      22.    9166.    300.7     0.00      4.0   38000.    0.845    3714.     460.   85246.   1379.8     0.00    124.7     134.      22.     994.      3.8     0.27     20.4   11954.    5652.         
  475056.  136056.     55.4   40000.    5000.     645.  125784.   2227.2     0.38    192.5     154.      22.    9598.    321.0     0.00      4.3   36000.    0.845    4717.     584.  111681.   1843.3     0.00    157.2     129.      21.     977.      3.7     0.26     19.7   12774.    6390.         
  504247.  165247.     67.3   40000.    6000.     769.  154110.   2749.8     0.37    225.0     169.      24.   10525.    353.3     0.00      4.7   36000.    0.845    5703.     706.  139088.   2333.7     0.00    189.7     127.      21.     970.      3.7     0.26     19.3   13640.    7236.         
  535485.  196485.     80.0   40000.    7000.     893.  184423.   3338.3     0.37    255.8     174.      25.   11206.    380.5     0.00      5.0   34000.    0.845    6702.     829.  168709.   2894.9     0.00    220.2     125.      21.     979.      3.7     0.26     19.3   14565.    8220.         
  568567.  229567.     93.5   40000.    8000.    1016.  216526.   3998.8     0.37    283.9     204.      29.   12928.    437.3     0.00      5.8   34000.    0.845    7671.     948.  199082.   3498.5     0.00    247.5     126.      21.     987.      3.8     0.26     19.4   15544.    9351.                                                     
  569000.  225000.     91.6   45000.    7780.     989.  212013.   3932.4     0.37    276.2     204.      29.   12953.    438.1     0.00      5.8   34000.    0.845    7449.     920.  194542.   3431.3     0.00    239.6     126.      21.     991.      3.8     0.26     19.5   15490.    4238.         
  379008.   35008.     14.3   45000.    1000.     150.   27651.    544.4     0.40     61.5     131.      19.    7556.    242.2     0.00      3.3   40000.    0.845     728.      90.   15548.    239.2     0.00     25.4     141.      23.    1019.      3.8     0.29     21.5    9860.    4591.         
  402464.   58464.     23.8   45000.    2000.     274.   50411.    918.7     0.40     95.1     148.      21.    8383.    267.8     0.00      3.7   40000.    0.845    1711.     212.   37476.    587.9     0.00     58.5     142.      23.    1025.      3.9     0.29     21.6   10555.    4855.         
  427369.   83369.     34.0   45000.    3000.     398.   74580.   1330.1     0.39    126.7     139.      20.    8420.    276.7     0.00      3.7   38000.    0.845    2728.     338.   61639.    990.4     0.00     91.4     133.      22.     993.      3.8     0.27     20.4   11292.    5154.         
  453698.  109698.     44.7   45000.    4000.     521.  100128.   1777.7     0.39    159.8     157.      22.    9406.    308.1     0.00      4.1   38000.    0.845    3708.     459.   86195.   1406.6     0.00    123.9     135.      22.    1000.      3.8     0.27     20.5   12072.    5815.         
  481756.  137756.     56.1   45000.    5000.     645.  127355.   2271.6     0.38    192.0     159.      23.    9887.    330.8     0.00      4.4   36000.    0.845    4710.     583.  112957.   1877.9     0.00    156.6     130.      21.     983.      3.7     0.26     19.8   12904.    6578.         
  511334.  167334.     68.2   45000.    6000.     769.  156056.   2805.7     0.37    224.2     175.      25.   10832.    363.1     0.00      4.8   36000.    0.845    5697.     705.  140721.   2379.7     0.00    188.7     128.      21.     976.      3.7     0.26     19.5   13780.    7452.         
  543016.  199016.     81.1   45000.    7000.     893.  186799.   3410.3     0.37    254.4     179.      26.   11550.    391.7     0.00      5.2   34000.    0.845    6695.     828.  170737.   2955.6     0.00    218.6     125.      21.     985.      3.8     0.26     19.4   14719.    8469.                                                                                                 
  569000.  221100.     90.1   48900.    7600.     967.  208166.   3873.6     0.37    269.8     204.      29.   12953.    438.1     0.00      5.8   34000.    0.845    7269.     898.  190692.   3372.5     0.00    233.3     127.      21.     993.      3.8     0.26     19.5   15437.    4270.         
  383192.   35292.     14.4   48900.    1000.     150.   27864.    551.2     0.40     61.4     133.      19.    7688.    246.2     0.00      3.4   40000.    0.845     726.      90.   15624.    241.9     0.00     25.1     141.      23.    1024.      3.8     0.29     21.6    9930.    4638.         
  406866.   58966.     24.0   48900.    2000.     274.   50837.    931.8     0.40     94.7     151.      21.    8544.    272.6     0.00      3.7   40000.    0.845    1707.     211.   37735.    596.2     0.00     58.0     142.      23.    1030.      3.9     0.29     21.7   10632.    4904.         
  432037.   84137.     34.3   48900.    3000.     398.   75262.   1349.2     0.39    126.5     142.      20.    8577.    281.7     0.00      3.7   38000.    0.845    2724.     337.   62160.   1004.6     0.00     91.0     134.      22.     998.      3.8     0.28     20.5   11377.    5267.         
  458643.  110743.     45.1   48900.    4000.     522.  101079.   1805.7     0.39    159.2     162.      23.    9618.    315.0     0.00      4.2   38000.    0.845    3703.     458.   86929.   1427.7     0.00    123.2     135.      22.    1004.      3.8     0.28     20.6   12166.    5945.         
  486983.  139083.     56.7   48900.    5000.     645.  128580.   2305.8     0.38    191.7     163.      23.   10092.    337.4     0.00      4.5   36000.    0.845    4706.     583.  113973.   1905.5     0.00    156.1     131.      21.     987.      3.8     0.27     19.9   13006.    6728.         
  516886.  168986.     68.8   48900.    6000.     769.  157596.   2850.8     0.37    223.5     180.      26.   11104.    372.0     0.00      4.9   36000.    0.845    5691.     704.  141984.   2415.9     0.00    187.8     129.      21.     980.      3.7     0.26     19.5   13893.    7625.         
  548915.  201015.     81.9   48900.    7000.     893.  188676.   3468.9     0.37    253.2     185.      27.   11873.    402.8     0.00      5.3   34000.    0.845    6689.     827.  172287.   3003.2     0.00    217.2     126.      21.     989.      3.8     0.26     19.4   14842.    8667.                                                                                                 

